#base order is A, C, G, T
2.909433182149196995e-01 4.603191306426325513e-02 6.590842628633853950e-01 3.940505857431575790e-03
2.320676303555908315e-01 2.653528641586336279e-02 9.733843033338702988e-02 6.440586528951587342e-01
1.462534392537825911e-01 7.917679191617824075e-02 5.421482710696472473e-01 2.324214977603919485e-01
7.121257291790648869e-02 5.823239784730605689e-02 2.014616825142915429e-02 8.504088609833583279e-01
2.678315174474958909e-03 5.024830415439657597e-03 9.920288171657106746e-01 2.680372443747106753e-04
6.235294379813811211e-02 5.883399243285674686e-03 1.002501786461925115e-01 8.315134783123837581e-01
7.074776550996429991e-01 5.324150242544765932e-02 2.277760301824438283e-01 1.150481229246529472e-02
7.303412625630864019e-01 7.710547295432414183e-02 3.504978511602697445e-03 1.890482859709868568e-01
1.505838397800014945e-02 5.397009689978994607e-02 8.975592210582648001e-01 3.341229806394516860e-02
3.058482720993930745e-03 9.025235467419294721e-01 4.757552235126302764e-02 4.684244818581359548e-02
1.836034026713799852e-03 1.060909432808381653e-02 9.688154591321694875e-01 1.873941251303286315e-02
4.314198580241827841e-02 3.742029742448254592e-01 3.063794191954234414e-01 2.762756207573329736e-01
6.077409466454759546e-01 4.266304129465581241e-02 3.435266157202607196e-01 6.069396339607406772e-03
5.532179631532709724e-03 2.117883066734216335e-01 1.564815748909325829e-02 7.670313562059524193e-01
3.541281545885536786e-01 5.243847950766383770e-01 1.084115652906539051e-01 1.307548504415404975e-02
1.320073480149092648e-01 3.540586635296340545e-01 4.475014089569240849e-01 6.643257949853262345e-02
2.633010125675110807e-02 8.402879988503713093e-01 1.053146654207327559e-01 2.806723447214488215e-02
9.061684441503239373e-01 3.841951729539427179e-02 4.341981911269447887e-03 5.107005664301238201e-02
5.860441178644923976e-01 2.278869198147957242e-01 1.651652572504245381e-02 1.695524365956695978e-01
3.589873213664575013e-01 2.664255266699448732e-02 1.513673323902695877e-01 4.630027935762784375e-01
3.319189161487266782e-02 9.449046131292442308e-01 1.275165435326038217e-02 9.151840902622762619e-03
