#base order is A, C, G, T
6.574326663648712987e-01 7.480099203882586978e-02 2.429721221418297272e-01 2.479421945447297243e-02
2.340489314851646185e-01 6.504126539671882534e-02 2.420293411396043370e-01 4.588804619785122885e-01
3.595368461556382456e-01 5.011320069449120423e-02 4.344189299866065002e-02 5.469080601512098516e-01
3.505819512987946255e-03 1.685539953899102203e-02 9.393753448520742594e-03 9.702450274995002566e-01
6.130028449787387930e-03 1.680504284757836433e-02 9.733914047814792303e-01 3.673523921154926361e-03
2.084155061887992336e-02 5.190895886456593084e-03 7.031552137229160060e-01 2.708123397717474568e-01
5.779524348672758771e-01 4.732509024539789666e-02 3.502345071553481515e-01 2.448796773197801230e-02
8.520607567632160206e-01 1.583398426213700888e-02 4.556046966825560290e-02 8.654478930639140921e-02
1.142509901573182836e-02 1.978173697164694600e-01 7.791139526815314964e-01 1.164357858626737484e-02
2.468848673239720966e-03 9.101348222811278532e-01 8.533549960262205858e-02 2.060829443010509486e-03
1.107330905287210940e-02 2.775937022095073883e-02 9.507119055585593337e-01 1.045541516761780074e-02
1.164603218914938842e-01 2.196045316999232500e-01 1.411504138683607190e-01 5.227847325402221745e-01
5.704274359810906914e-01 9.150629730688517038e-03 3.780241270656097829e-01 4.239780722261087681e-02
5.634980140899784398e-03 4.947704155920774199e-02 1.044389256349538206e-02 9.344440857363971453e-01
4.575793843575136077e-01 2.751722000819658009e-01 1.973867928208397071e-01 6.986162273968098135e-02
1.941564952600496052e-01 1.982739242552148951e-01 5.087033865016626910e-01 9.886619398307296136e-02
8.221583746753546775e-04 9.604331011024079823e-01 3.143663994064691686e-02 7.308100582269627145e-03
8.516533492428496332e-01 6.944780748161268058e-02 4.214951549758839261e-02 3.674932777794910621e-02
4.589789713953687511e-01 6.552921482884177529e-02 5.148870642842644230e-02 4.240031073473631285e-01
5.175089400715020549e-01 1.905665377828574814e-01 7.296339325997092118e-02 2.189611288856694871e-01
8.316531674917283790e-02 7.888156026318225988e-01 9.771536625315922764e-02 3.030371436584528011e-02
