#base order is A, C, G, T
3.317405520403180486e-01 1.260474774795836972e-01 4.814331455725462394e-01 6.077882490755206341e-02
3.832031257656799417e-01 9.730899407285788227e-02 3.030722885769555619e-01 2.164155915845066003e-01
5.090656251018874645e-01 1.001352551595114659e-01 9.785892891983108410e-02 2.929401908187700410e-01
4.300503966277166579e-02 1.783133439974567483e-02 3.363536757089478219e-02 9.055282583665879015e-01
3.063236973903409738e-03 1.421524943072524768e-03 9.922651151618341325e-01 3.250122921189881140e-03
7.636525384799291299e-03 1.086718382124468238e-02 1.304437249552986289e-01 8.510525658386575154e-01
2.923520749395440779e-02 1.794153495111874830e-02 7.877713460427351322e-01 1.650519115121917291e-01
8.311943709528930579e-01 8.402068554962218924e-03 8.821280290966924953e-02 7.219075758247542329e-02
3.464326838128087283e-02 3.255821664653905101e-01 5.133453181331953941e-01 1.264292470201332785e-01
5.420225569124529491e-03 8.947508232914233028e-01 9.367681795268646694e-02 6.152133186765764913e-03
6.451812416074636895e-03 5.085853727487660812e-03 9.867237979014829019e-01 1.738535954954949139e-03
2.672001248784535571e-02 4.892154253208146897e-01 2.849966299447855289e-01 1.990679322465544743e-01
3.827557171840851868e-01 6.859906734612228330e-02 5.255809707781829987e-01 2.306424469160951035e-02
2.817835688795010396e-02 5.287040670229237183e-01 1.841818433084879345e-02 4.246993917582773670e-01
4.849943382595605645e-01 3.493026559858486979e-01 1.029458953064396748e-01 6.275711044815124318e-02
6.854199755571610542e-01 1.978124747352443258e-01 2.548025729982970888e-02 9.128729240776491116e-02
4.377142172880470194e-02 9.237647305474179227e-01 1.233776119985850045e-02 2.012608652391903799e-02
8.184063181501486373e-01 6.792470742884229584e-02 5.599329758151500719e-02 5.767567683949410828e-02
4.489959479046072843e-01 8.244319605487662739e-02 5.419534962546201234e-02 4.143655064150540968e-01
3.882633825487107893e-01 8.452843458967757018e-02 1.705660429279925172e-01 3.566421399336192066e-01
3.187396280369924617e-01 4.626534709124319744e-01 1.252644998096586193e-01 9.334240124091675028e-02
