#base order is A, C, G, T
2.766949195408703877e-01 3.101949087625628931e-01 3.074033633899895257e-01 1.057068083065772490e-01
2.335606520418992138e-01 1.391454301404927152e-01 2.681786665861896068e-01 3.591152512314185752e-01
2.601307769458077734e-01 8.191944450808953671e-02 2.940815789157364968e-01 3.638681996303662070e-01
9.915060118446183957e-02 6.883828824292691217e-02 1.131829302140876237e-01 7.188281803585235830e-01
2.885750625000921971e-03 1.151924275908780548e-03 9.927025238174362887e-01 3.259801281653953303e-03
2.036914969226953642e-02 4.718490216196993998e-03 1.038104203352151617e-01 8.711019397563184441e-01
1.671284001524088458e-02 7.107186990457552492e-03 6.120010281701152577e-01 3.641789448241862237e-01
9.229875634809455720e-01 1.563966455708858463e-02 3.524141451188215340e-02 2.613135745008367955e-02
1.546659673832911086e-01 1.800836286850568679e-01 6.402262785948575896e-01 2.502412533679432977e-02
2.656998179935787883e-03 9.110588018340237682e-01 8.025797142238894066e-02 6.026228563651684147e-03
8.389291209252114009e-03 9.400690052703209593e-03 9.812710001065712007e-01 9.390186314735314652e-04
4.409897154661466395e-02 4.983549114671008140e-01 2.608886807448093093e-01 1.966574362414751920e-01
6.491755335681569372e-01 1.341122226706575882e-01 1.945374982538623509e-01 2.217474550732306121e-02
4.080077668162526705e-03 3.864292589009727941e-01 2.043950388519365571e-02 5.890511595456709992e-01
4.894831056738709330e-01 2.840709716468581281e-01 7.129032689073958040e-02 1.551555957885312753e-01
7.306873295420314163e-01 1.322073861522720384e-01 8.053754557275155657e-02 5.656773873294514837e-02
1.174348496496614574e-01 8.612680430295613920e-01 1.469900173869015392e-02 6.598105582086912467e-03
8.475884659818894162e-01 5.200903034938688524e-02 4.457038851031976112e-02 5.583211515840397904e-02
4.000677544639865135e-01 1.324996041602838903e-01 8.490740095624367545e-02 3.825252404194859901e-01
1.713480904098532431e-01 2.025753455272973069e-01 2.379289951840533324e-01 3.881475688787960343e-01
1.525913829730147220e-01 5.800397091143040251e-01 1.666901807771694888e-01 1.006787271355117086e-01
