#base order is A, C, G, T
3.827585863063632243e-01 1.520809190935997757e-01 4.633810105741206220e-01 1.779484025916255050e-03
5.385860537745628118e-01 1.944255585115417795e-01 4.459244024070312812e-02 2.223959474731922736e-01
1.008289457466749750e-01 2.823414127369927029e-01 2.782817108620414537e-01 3.385479306542910072e-01
2.695272906780270608e-02 1.177499890012309765e-02 9.604712946678393287e-03 9.516675590853959088e-01
1.049194417248973041e-03 8.346233148357987131e-03 9.408884627266929090e-01 4.971610970770013599e-02
6.204513405434512741e-02 6.472361752529589250e-03 1.506016807477458461e-02 9.164223361183507777e-01
2.048681928323864074e-02 3.314314176152245196e-03 4.202446076670017794e-01 5.559542588736072766e-01
9.389734966950962214e-01 1.073428280850899190e-02 4.676224344400785327e-03 4.561599615199379842e-02
6.795900114174181945e-03 3.343628960301218700e-01 6.563605812827149055e-01 2.480622572989090672e-03
2.487643005541613495e-03 8.595370297610569477e-01 1.363517775895606854e-01 1.623549643840720928e-03
4.015726439377117866e-03 4.761772895609836347e-03 9.886663176019926391e-01 2.556183063020379780e-03
3.569286954859395011e-02 4.781822152863827169e-01 1.211897658443904929e-01 3.649351493206328678e-01
5.171864661615890174e-02 3.625504817501674637e-01 8.123170456076532486e-02 5.044991670729083166e-01
5.717361150605904108e-02 3.331054527967800081e-03 2.281499912572850647e-02 9.166803348402446927e-01
9.830688205359046361e-02 3.167629926518535782e-02 7.740356677359175874e-01 9.598115094530647318e-02
4.498432020777083928e-01 4.675108171088646070e-01 4.787884804247403286e-02 3.476713277095307836e-02
1.167076471214180400e-02 8.567306900757949428e-01 1.388249546419423504e-02 1.177160497478691031e-01
8.498232254074441494e-01 1.007578036576229213e-01 2.908084855009846967e-02 2.033812238483451162e-02
3.456447766852667747e-01 3.404116074917595824e-02 2.359231459497592234e-02 5.967217479705813066e-01
4.159229955994225292e-01 4.344748007251058447e-02 1.584396953946282938e-01 3.821898289334385579e-01
6.829921264977302335e-03 9.464341628876660195e-01 4.315949227814858818e-02 3.576423569208157186e-03
