#base order is A, C, G, T
3.327575928742410594e-01 2.215882424476419421e-01 2.341540120671661007e-01 2.115001526109510088e-01
3.842137430025652778e-01 1.488403204814865710e-01 2.532909170413301103e-01 2.136550194746180131e-01
2.646104720650748754e-01 2.003670771094297198e-01 1.378524344736194174e-01 3.971700163518759319e-01
7.609496418514875848e-02 3.157880883355815294e-02 5.297478457329405505e-02 8.393514424079990821e-01
2.323494711910544571e-03 8.487179690381278698e-04 9.942242151940582362e-01 2.603572124993132775e-03
2.894618714544577517e-02 1.158391726074361333e-02 1.985434118122044941e-02 9.396155544125902592e-01
9.814095852638805156e-03 1.134089414743678220e-02 9.716341197864766244e-01 7.210890213447687658e-03
9.812909940866820779e-01 1.517778254757295563e-03 8.804506207580282962e-03 8.386721450980554743e-03
7.048516229958583235e-02 1.425059362495752768e-01 7.773787587715914604e-01 9.630142679247511925e-03
1.628868893833294168e-03 9.550507366952988297e-01 3.575691214249450411e-02 7.563482268373315602e-03
5.467437940231614259e-03 2.134043271878324072e-03 9.918227675916039265e-01 5.757511962861252630e-04
1.418744286536532118e-01 2.907920283443954923e-01 2.759933448671967882e-01 2.913401981347545355e-01
5.026917587693314760e-01 9.344013023671297880e-02 3.732456746975855166e-01 3.062243629637007025e-02
6.896234860762781582e-02 1.207316039630086657e-01 2.845951854549149188e-02 7.818465288838720717e-01
4.508875212642850516e-01 2.855020387284838979e-01 1.323516824573662265e-01 1.312587575498648795e-01
3.704925670461258758e-01 3.340140860317161731e-01 1.567956013686667427e-01 1.386977455534912085e-01
1.578141537125017993e-02 9.217594555066037643e-01 2.485615690784217721e-02 3.760297221430401737e-02
6.983284939068080677e-01 1.525569549492011845e-01 5.882572525365289962e-02 9.028882589033779271e-02
3.281439460038605982e-01 1.614770371795462289e-01 3.122725628949898358e-01 1.981064539216033094e-01
1.601314676429881623e-01 2.524473000545420787e-01 1.760051593414037330e-01 4.114160729610660816e-01
1.158457272807517507e-01 4.159695422856654612e-01 1.074350001607731891e-01 3.607497302728095434e-01
