#base order is A, C, G, T
1.997838159377604839e-01 2.993199584716396133e-01 1.992417168175047437e-01 3.016545087730951868e-01
1.487239987489222259e-01 3.548807524685098080e-01 2.610205275734505115e-01 2.353747212091174545e-01
1.642003092483511617e-01 2.831074501491084860e-01 4.522965632512681022e-01 1.003956773512723333e-01
1.566111423077167220e-01 5.371946012965642669e-01 3.031465399378308612e-01 3.047716457888159040e-03
2.476275513477033119e-01 4.159371703051841229e-01 3.493968933163052600e-05 3.364003386577809063e-01
1.061336319819506380e-01 6.472468916438888220e-01 2.460357261971455878e-01 5.837501770148414374e-04
2.823731115498992472e-01 4.112187822037513540e-01 3.201622747946938105e-04 3.060879439715546990e-01
7.543905874338616899e-07 9.970755803041938536e-01 1.220031423092996078e-03 1.703633882125555514e-03
2.805128426574171260e-02 1.100662318113259514e-02 7.686902977749186967e-04 9.601734022553508607e-01
7.741123016280839764e-01 1.386610673891887043e-04 2.741487506381561426e-02 1.983341622407111537e-01
3.175630752593447959e-01 1.690077442007367203e-01 2.973494513763778050e-05 5.133994455947807900e-01
3.562038727260082860e-01 2.091239540628530291e-01 2.070786841118410770e-01 2.275934890992976356e-01
1.121871550632589504e-02 1.028121754417475470e-01 1.552528359430376502e-02 8.704438254576227774e-01
4.219509088728085611e-01 1.313891257416059111e-01 4.426494546487318993e-01 4.010510736853709242e-03
7.571124108962822008e-02 1.300072733105593070e-01 3.729756867546431542e-01 4.213057988451692770e-01
9.576763592007576931e-02 1.022056545851867670e-01 3.207492292063462425e-01 4.812774802883912906e-01
6.012792980212661176e-01 1.208559493779770870e-03 1.494912386474962773e-01 2.480209038374577291e-01
9.405614013892983627e-03 1.084152481271358354e-01 7.101459307231099416e-01 1.720332071358612047e-01
1.169406226208350164e-01 3.364446423997314306e-01 3.081327379142763667e-01 2.384819970651571308e-01
3.707579489848513155e-01 1.360436571397173611e-01 3.514684222195029739e-01 1.417299716559283496e-01
2.574861402297975999e-01 4.301154817069893083e-02 6.492964384708838077e-01 5.020587312861958529e-02
