#base order is A, C, G, T
3.450693396624941456e-01 2.182459029787084392e-01 2.452958405773356942e-01 1.913889167814615822e-01
4.130785698192074862e-01 1.576898278961171018e-01 2.155606417820452314e-01 2.136709605026302361e-01
2.378129835426072702e-01 2.068542392168343513e-01 1.422521503819628164e-01 4.130806268585956453e-01
9.267745534458672607e-02 3.084739654271600670e-02 2.953634966275472257e-02 8.469387984499425759e-01
7.367676175887634404e-03 1.286716787551982211e-03 9.876066790333517531e-01 3.738928003208681454e-03
3.523678909864914888e-02 1.189103934479413850e-02 1.608130197402823577e-02 9.367908695825284404e-01
1.563324394426969521e-02 1.578917071313706844e-02 9.553295906342536004e-01 1.324799470833984763e-02
9.769756181155682118e-01 1.561573068226659259e-03 1.115720197487031842e-02 1.030560684133474507e-02
9.680942856767901783e-02 1.700134861342539050e-01 7.190536634069170097e-01 1.412342189115009354e-02
3.853110679659946247e-03 9.506817955450523883e-01 4.513410480570456684e-02 3.309889695829323843e-04
5.939072681182147248e-03 6.673883839896387928e-04 9.929455929623010046e-01 4.479459725272135948e-04
1.413385286495087989e-01 2.318948478629442866e-01 3.181175839662041538e-01 3.086490395213427607e-01
5.148453368449176226e-01 9.366694355754182078e-02 3.537129677232781488e-01 3.777475187426242165e-02
5.550262944583317370e-02 1.254797548332015344e-01 3.849460527586598402e-02 7.805230104450993078e-01
4.348447508488160751e-01 2.956528731315253289e-01 1.413107820051362484e-01 1.281915940145223198e-01
3.942516068769763571e-01 3.070871846939934313e-01 1.382049048660268231e-01 1.604563035630032497e-01
1.926983012754121885e-02 8.991616896638636725e-01 3.580289815064911091e-02 4.576558205794607759e-02
7.487343394479772929e-01 9.925414278074824737e-02 4.184695240943816369e-02 1.101645653618364695e-01
3.515286108127780307e-01 1.808832472456013141e-01 2.560730934708029816e-01 2.115150484708178402e-01
1.218791846426331982e-01 3.274131725659937819e-01 1.390205227175630442e-01 4.116871200738100312e-01
1.448474979571705290e-01 3.838792004258943513e-01 7.551923820617138794e-02 3.957540634107636901e-01
