#base order is A, C, G, T
9.089839929797219331e-02 1.088801689579078080e-01 9.856576004741310348e-02 7.016556716967069507e-01
1.026618539269110453e-01 5.028022945098600260e-01 2.574146569172746091e-01 1.371211946459542363e-01
3.120510573922145592e-01 2.972576058256584108e-01 2.546004853235572241e-01 1.360908514585697227e-01
1.043060266399820496e-01 2.495443947987809608e-01 6.382313164025847918e-01 7.918262158652222132e-03
4.396677938662174601e-02 8.526475644656406061e-01 5.959415285577734418e-05 1.033260619948819375e-01
2.335504856809661189e-01 6.671578738586240176e-01 9.573414525068522918e-02 3.557495209724577910e-03
3.834917148906544782e-01 2.344568374573019476e-01 8.260438154755559434e-04 3.812254038365679998e-01
2.376971554826435629e-04 7.109841707684881884e-01 7.787558952414525004e-02 2.109025425518839814e-01
4.711459463229097228e-02 1.804216872653397613e-02 1.807537176286770674e-03 9.330356994648882907e-01
9.694059157473303712e-01 5.672829199503223485e-05 4.904556955273532172e-03 2.563279900540124667e-02
2.435957688112288244e-01 1.669759641407194406e-01 3.925463464216850853e-04 5.890357207016300167e-01
5.527225461774917248e-01 1.311580438514982072e-01 8.366642680831432033e-02 2.324529831626957754e-01
9.647696866564794624e-03 5.909963209541093665e-01 1.157239473366742516e-02 3.877835874456584397e-01
5.394398817431128590e-01 2.111188721913621544e-02 4.264426300368530098e-01 1.300560100089784461e-02
6.369177507491911860e-02 7.777705671519902220e-02 1.756280401741134589e-01 6.829031280357683587e-01
5.927755717503182392e-02 1.004627922015056823e-01 2.552973046638415955e-01 5.849623459596209329e-01
9.038851752057441846e-02 1.629204882792579731e-02 6.555682138645425594e-01 2.377512197869572630e-01
1.102275669799945151e-02 1.546137381264366117e-01 6.152458319773309592e-01 2.191176731982329706e-01
6.307964887029757217e-02 3.778854605377378051e-01 4.900827648172891848e-01 6.895212577467534076e-02
1.209212611415691752e-01 4.371213272443519871e-01 3.439648185037951222e-01 9.799259311028375719e-02
6.797474107702340396e-01 2.024943794421023291e-02 1.672227575968048829e-01 1.327803936887508307e-01
