#base order is A, C, G, T
2.491307498635900175e-01 4.725912587565188616e-01 2.155327482787846860e-01 6.274524310110640712e-02
2.716164174366423878e-01 2.875547658431091835e-01 2.230038861528476357e-01 2.178249305674007930e-01
1.822561328449821549e-01 1.797414490595753422e-01 3.270966129810383705e-01 3.109058051144042434e-01
6.288668597909978508e-02 8.052030165039250620e-02 5.833788266966948022e-02 7.982551297008382285e-01
4.053204752398423434e-03 3.427677963088774163e-03 9.898301744505401123e-01 2.688942833972662351e-03
5.798701751015614136e-02 2.113936427677783406e-02 8.760336047058092657e-02 8.332702577424851986e-01
1.551319788408552988e-02 3.589632342059650982e-02 9.352953220417195013e-01 1.329515665359840178e-02
9.878066830336991178e-01 2.328350966803414968e-03 3.117170850717915654e-03 6.747795148779531238e-03
9.197263987145594399e-02 1.356439862463046653e-01 7.588168704581677027e-01 1.356650342407172971e-02
4.547187588747609970e-04 9.226413835849111011e-01 7.393371039921611820e-02 2.970187256998044374e-03
5.629498923861611485e-03 5.960650036466712091e-03 9.873162182624595218e-01 1.093632777212146618e-03
1.206131191578097700e-01 6.615218102379422614e-03 4.726174481068768363e-01 4.001542146329338800e-01
5.435817592589397007e-01 2.616127652866647932e-02 3.931377798986687711e-01 3.711918431372507321e-02
3.566254472628950511e-02 1.466142797397215758e-01 3.917758400408189595e-02 7.785455915299070995e-01
4.474607535726395913e-01 4.024248694288626860e-01 6.488731134319833393e-02 8.522706565529936107e-02
4.929133784598979107e-01 2.835194896497653105e-01 1.367564675056983925e-01 8.681066438463833079e-02
6.661364366960446926e-02 7.772859329392326488e-01 9.159932308197681061e-02 6.450110030918615456e-02
7.629959516978802592e-01 1.062196927990210343e-01 3.661595364189961649e-02 9.416840186119906919e-02
4.810433410448212155e-01 1.450241592220447295e-01 1.048121774953484769e-01 2.691203222377855919e-01
3.250604974915222156e-01 1.551701453308790835e-01 1.661987217218087454e-01 3.535706354557900388e-01
1.476850278461436516e-01 1.878424560507101215e-01 5.450262821726110651e-01 1.194462339305352033e-01
