#base order is A, C, G, T
8.737437459651059557e-02 1.583281658424511018e-01 7.372196010866931271e-02 6.805754994523690593e-01
1.442178410246766074e-01 4.976553356471717371e-01 2.342829960237672871e-01 1.238438273043845073e-01
1.345812348940914338e-01 2.934122908532144636e-01 4.548500555547894120e-01 1.171564186979048017e-01
2.175140553845016922e-01 3.859365812649590000e-01 3.898721126055988417e-01 6.677250744940506876e-03
1.038163246953141272e-01 1.047142577091921822e-01 1.749705715924913089e-05 7.914519205383344636e-01
1.485915788958962203e-01 7.865791493718314875e-01 6.372928476086438254e-02 1.099986971407899928e-03
3.403245972863268576e-01 3.339806665795989615e-01 5.201788643499843197e-04 3.251745572697241626e-01
1.318092322287785635e-04 6.135219077465238202e-01 1.134175302857408918e-01 2.729287527355064857e-01
8.265006555440995717e-02 2.832797816466370300e-02 2.090216301206760698e-03 8.869317399797195245e-01
8.728133981555008525e-01 3.436743356122455172e-05 1.141314029343041278e-03 1.260109203815948375e-01
5.440131591953298318e-02 6.142412099460889396e-02 5.638118807596500674e-05 8.841181818977821294e-01
5.070878344479443633e-01 1.185518676698323337e-01 1.292344799012939138e-01 2.451258179809293059e-01
1.733134115073987208e-02 1.121743854939857704e-01 2.180655582005858878e-02 8.486877175352157687e-01
4.688494238960639882e-01 3.244101256167635644e-02 4.913788407360356603e-01 7.330722806223934421e-03
5.321418592669336506e-02 4.311285396963004946e-02 2.900731952287337045e-01 6.135997648749428324e-01
2.715970468323180079e-02 7.050799615900163464e-02 4.432895621674801112e-01 4.590427369902864707e-01
2.514439549877505176e-01 1.449007379966877826e-02 3.324739166401233237e-01 4.015920545724573354e-01
7.489789654339685035e-03 2.090127861992264191e-01 5.796432848071486621e-01 2.038541393392851730e-01
4.153879470037345756e-02 2.211109125877839532e-01 4.852489467958810421e-01 2.521013459159614500e-01
1.231837067353202253e-01 4.520365518437465813e-01 3.072300647643689264e-01 1.175496766565642254e-01
4.155788837648310419e-01 1.707352833562418223e-02 3.349620091628992546e-01 2.323855787366456149e-01
