#base order is A, C, G, T
4.515725535790946488e-01 2.304761812116693231e-01 2.442753132245257253e-01 7.367595198471034446e-02
2.597652495913413961e-01 3.374615262555764605e-01 2.920620922157232680e-01 1.107111319373589031e-01
1.520227239087447620e-02 8.447423685636850157e-03 9.648198037191626497e-01 1.153050020432598403e-02
1.846868539949637067e-01 6.363346666130289542e-01 1.072807618926285844e-01 7.169771749937876859e-02
9.135814664072569036e-01 3.441971916377488394e-02 3.877610947035590311e-02 1.322270495861216366e-02
9.131368033474316359e-01 6.193536268433197378e-02 8.375885452267693362e-03 1.655194851596866051e-02
5.120629866073747039e-01 1.473507029385943690e-01 3.201596659664174976e-02 3.085703438573891844e-01
1.063088981227693769e-02 9.305525685517099799e-01 5.068505036067887104e-02 8.131491275334254767e-03
6.086873655761555757e-03 1.349431305800157660e-02 9.757791280321654881e-01 4.639685254071397764e-03
3.820289570803862556e-01 4.435536910465852356e-02 1.491644504724049802e-01 4.244512233425501990e-01
5.344602468629728459e-02 2.221232962685727036e-02 6.131778944847749574e-02 8.630238562383680812e-01
8.953171952255623012e-02 6.536942812240832679e-02 1.293486931656479266e-01 7.157501591893875581e-01
7.433897218359279691e-02 8.656959967969445058e-02 7.452642606290542648e-01 9.382716750765847380e-02
3.169062157527877815e-02 9.053111979524443020e-01 7.939859417462509505e-03 5.505832105481413274e-02
1.304170337183288564e-01 2.563977298403575245e-01 4.870517371631949977e-01 1.261334992781185937e-01
4.306459633192297187e-02 4.551646082681581884e-01 9.513548620300948944e-02 4.066353091969093780e-01
