#base order is A, C, G, T
6.818474505998045609e-02 2.631767431198963059e-01 1.442053062511906014e-01 5.244332055689326921e-01
1.600483165440602651e-01 1.278502830610049323e-01 1.674976607857467659e-01 5.446037396091880645e-01
1.463124372978923671e-01 2.438378163277782618e-01 6.371989462595459329e-04 6.092125474280698505e-01
1.592223082521092847e-01 3.693981889717354999e-02 3.001257332960339252e-01 5.037121395546833025e-01
2.299587830872599635e-04 1.118424692791273808e-02 8.124380844390353268e-03 9.804614134446097973e-01
1.532199086617074988e-03 2.844063932574734249e-02 7.247968512684485054e-01 2.452303103191871558e-01
2.372220040061141094e-02 1.002880756913536453e-01 8.308500443518445078e-01 4.513967955619044292e-02
7.131391135172812090e-01 1.122306021616534298e-03 4.232643761511786784e-02 2.434121428459843361e-01
1.342494105548466821e-01 4.057668428241730657e-02 3.648515804808156711e-04 8.248090535822552027e-01
8.837138285807226434e-02 7.138674381529400703e-01 1.508575679058702657e-01 4.690361108311747601e-02
1.470009686336044563e-01 6.982180452561368433e-01 1.481233627665549668e-01 6.657623343703756094e-03
3.354414163346638444e-01 3.669337421133881949e-01 2.777886283179725746e-01 1.983621323397530625e-02
3.451346858819810404e-01 3.544207245518163907e-01 2.115328338793891205e-02 2.792913061782636430e-01
1.237600004364799861e-01 3.434492234758126060e-03 7.637448555108738990e-01 1.090606518178880435e-01
3.409296769110257141e-01 1.904642039404693121e-01 7.501333005532398457e-02 3.935927890931809614e-01
6.846687696476224660e-01 3.806451391852062188e-02 2.401412659565045626e-01 3.712545047735239107e-02
