#base order is A, C, G, T
4.611267147756574758e-01 1.918372233733263710e-01 2.565861784843724847e-01 9.044988336664362694e-02
3.054282840832667767e-01 3.281319240667420756e-01 2.358569750265496756e-01 1.305828168234414166e-01
2.027321783476932968e-02 1.110546385772571802e-02 9.654094476854001572e-01 3.211870622104766922e-03
1.898313891794278785e-01 6.206756232315440158e-01 1.074968740631471464e-01 8.199611352588105639e-02
8.843634562620983353e-01 3.847064868946882543e-02 5.740243697469769174e-02 1.976345807373513716e-02
9.115367428384376636e-01 6.877277916919338763e-02 1.614008454531982648e-02 3.550393447049051202e-03
4.986228000934270210e-01 1.903375388756120279e-01 3.057299837867761064e-02 2.804666626522833162e-01
4.829930099796378440e-02 9.277975189611710194e-01 1.601642789042911907e-02 7.886752150436028563e-03
4.572197268878081325e-03 1.960711020842971150e-02 9.677697968420262420e-01 8.050895680665842019e-03
3.824775901779580156e-01 4.374865682961313895e-02 1.594739938982046301e-01 4.142997590942242292e-01
8.272833454557915189e-02 7.119853654775409879e-03 6.147553382493499419e-02 8.486762779747103469e-01
5.622017860703527187e-02 9.139495001104612493e-02 1.422464246004757071e-01 7.101384467814428891e-01
9.075318362733357513e-02 9.056259658060858420e-02 7.196178320976981402e-01 9.906638769435967273e-02
5.213996010889573873e-02 9.304311469380328603e-01 1.347961512990757289e-02 3.949277823163921744e-03
1.345321684454259537e-01 2.563174306606627040e-01 4.713569585243219118e-01 1.377934423695895139e-01
5.826148159820930539e-02 4.181355171990114861e-01 9.159390754272311863e-02 4.320090936600560760e-01
