#base order is A, C, G, T
1.312818401625721887e-01 7.814021859551737448e-01 7.880326124883385575e-02 8.512712633420221192e-03
3.167782415699774146e-01 1.492813541426554237e-02 6.206362473183427847e-02 6.062299982839227663e-01
9.309849895306523959e-02 1.027924708316047125e-01 2.623916074308442203e-01 5.417174227844858692e-01
2.144474810353996092e-02 7.446283029965519717e-02 7.514820540029372442e-02 8.289442161965111522e-01
5.357162513817741341e-03 3.636559006877023402e-03 9.892451404302429196e-01 1.761138049062264867e-03
3.973156048611504315e-02 3.581862128623401059e-02 4.255592995154294789e-02 8.818938882761080400e-01
7.723091782931418292e-01 1.936149939913954510e-02 1.603673445423519639e-01 4.796197776536673812e-02
6.796473632173055668e-01 9.075994992823903373e-03 3.532090792232780996e-02 2.759557338675427962e-01
1.939126090482964221e-02 4.567233406909130405e-02 8.985690385403924951e-01 3.636736648568648922e-02
9.500564438701239369e-04 9.626978450431389334e-01 3.496175310473614850e-02 1.390345408254860336e-03
2.549023262497188136e-02 3.398788705902440477e-02 9.380479312357226096e-01 2.473949080281029247e-03
2.405461535481490665e-01 3.250666112825059684e-01 2.670481740009783556e-01 1.673390611683664986e-01
6.975969033493910620e-01 9.109495261483619918e-03 2.893229317655712229e-01 3.970669623554222601e-03
1.224162419874430703e-02 2.316219624292690238e-01 5.854804707371887539e-03 7.502816086646146854e-01
4.334810512279990702e-01 4.547579542408061726e-01 5.611112885062541356e-02 5.564986568056914246e-02
2.831520377029970170e-01 1.130406492712423550e-01 4.883444571000269963e-01 1.154628559257336595e-01
6.982066522209074040e-03 8.435354855481738134e-01 7.860205268174873250e-02 7.088039524786837742e-02
9.046531300448569235e-01 5.139317234101057480e-02 2.705615676038216483e-02 1.689754085375034728e-02
4.462518728021298009e-01 3.149713897265605245e-01 1.276451149156336042e-02 2.260122259797463784e-01
4.342077841102343627e-01 1.005505582260997621e-01 2.517711181113755359e-01 2.134705395522903948e-01
2.017687371989446421e-01 6.461674102062697767e-01 8.651041970986098062e-02 6.555343288492462839e-02
