#base order is A, C, G, T
4.344656792160234149e-01 2.473771143170162001e-01 1.860606680115374778e-01 1.320965384554228239e-01
4.927259426509698614e-01 1.038194194496525613e-01 1.195136848282993686e-01 2.839409530710781948e-01
3.663464350091166777e-01 1.201441423950903586e-01 2.099031660847646974e-01 3.036062565110282940e-01
6.173129460631118087e-02 1.676121496934622479e-01 5.685088092012147154e-02 7.138056747801050372e-01
1.842713483030485565e-03 1.837318461350497195e-03 9.915056010190662628e-01 4.814367036552568216e-03
1.762713653902120425e-02 1.313033557703197421e-02 7.893066406933407775e-02 8.903118638146126917e-01
2.465743151179671661e-02 1.280023188379028447e-02 8.093658620541553939e-01 1.531764745502575131e-01
9.176304810816541258e-01 2.809218344634896447e-02 1.623609101528842788e-02 3.804124445670852700e-02
9.427225521366039418e-02 2.234978619018066492e-01 6.677552854197165155e-01 1.447459746481649830e-02
9.318231647101746923e-03 8.614175916015699430e-01 1.194016525096998071e-01 9.862524241628539343e-03
4.251617481540505457e-03 2.367662154707023126e-02 9.707715319907362916e-01 1.300228980653065974e-03
4.142734083759629787e-02 8.328979024746997473e-01 7.467458959373247940e-02 5.100016709397144077e-02
4.780866057160620408e-01 1.543844545278904301e-01 2.905573318770801050e-01 7.697160787896736855e-02
1.636330175702447806e-02 2.688334687796486433e-01 2.458408260465412901e-02 6.902191468586728051e-01
4.326577357920339262e-01 4.463835562742873853e-01 6.587193703693831892e-02 5.508677089674036270e-02
7.433861325518387186e-01 1.380751282189985607e-01 5.225572206062362168e-02 6.628301716853907122e-02
4.279136004693052941e-02 9.247962860017130415e-01 1.633313487901387820e-02 1.607921907234253697e-02
8.640229805148814668e-01 3.866638893422874590e-02 2.114851702878786308e-02 7.616211352210192076e-02
4.041420144190647767e-01 5.597367676490307836e-02 1.135555135276666155e-01 4.263287952883654808e-01
3.590340798744129924e-01 1.199660571382197005e-01 1.555362536450146937e-01 3.654636093423526133e-01
1.403738988960356038e-01 5.929206151849562012e-01 1.095915713804106462e-01 1.571139145385976044e-01
