#base order is A, C, G, T
8.230395320168143458e-01 1.545865273920901499e-02 2.916407509920138780e-02 1.323377401447753954e-01
7.028971657456191124e-01 2.273042263205695551e-02 2.951737258780606776e-02 2.448550390345180516e-01
6.374195451663267065e-01 4.729768930475199140e-02 2.686498608735167770e-01 4.663290465540446961e-02
1.266911136213276223e-01 5.825977535882004288e-01 7.808118121996905636e-02 2.126299515705029342e-01
1.027881960055388733e-01 4.942355577971036529e-01 2.451941826956279824e-01 1.577820635017296025e-01
7.361313909674381817e-01 7.595518024911582233e-02 8.024659314000311128e-02 1.076668356434428708e-01
6.125065942833716193e-01 6.087173701820568911e-02 2.287411187447442318e-01 9.788054995367861943e-02
6.113300224209373690e-01 3.814478786728153770e-02 3.196768418451886862e-02 3.185575055272621969e-01
2.412597787287867543e-02 1.206402885664859155e-02 2.929714962972802123e-02 9.345128436407448280e-01
3.622052764901788069e-01 6.375819514511307795e-02 1.941877015205275420e-02 5.546177582126553540e-01
1.353197454748081008e-01 1.436988251925895854e-01 5.504147040227048981e-02 6.659399589303317546e-01
9.160435156026189296e-02 8.364999152538776794e-01 4.321562667590708728e-02 2.868010650995340971e-02
3.567345528044785219e-01 1.161564043632299335e-02 6.290765990723709011e-01 2.573207686827672092e-03
3.481615131465373020e-02 1.451973869842776710e-01 3.761697781163047399e-02 7.823694838894380554e-01
9.418976183523521950e-01 2.017180340893288612e-02 1.658696048381004193e-02 2.134361775490480756e-02
9.037366686875920596e-01 3.623590363436077905e-02 2.140655773411485191e-02 3.862086994393256617e-02
