#base order is A, C, G, T
3.815319794581455426e-01 4.972532831172538081e-02 1.238821102152092291e-01 4.448605820149199030e-01
3.213329944797000404e-01 2.180053477633927400e-02 9.317294823223579853e-03 6.475491759207370190e-01
3.053809790314809258e-01 1.964551046540949364e-02 6.289041277604052738e-01 4.606938274270425820e-02
2.513725661848997123e-02 3.630683390281500555e-01 1.001647286598528891e-01 5.116296756935070356e-01
2.293084077915918118e-01 1.158448349011055312e-01 3.804654459755542062e-01 2.743813113317485342e-01
9.390295489525699590e-01 8.328955483613065258e-03 2.639520244637354879e-02 2.624629311744344426e-02
5.299996403095246222e-01 2.584356929337650391e-02 4.030418645122896826e-01 4.111492588480902127e-02
8.783025207953898406e-01 4.028555919440042835e-03 7.553663877684105299e-02 4.213228450832910699e-02
5.689222832540336006e-01 1.167806926919155025e-02 3.668141204435123454e-02 3.827182354324236147e-01
8.177773303573478980e-01 2.180998374907156326e-02 3.502937315253633332e-02 1.253833127410441395e-01
4.831455376912299760e-01 4.653106515876636456e-02 1.433309452767814879e-02 4.559903026223254274e-01
5.678890515956189211e-02 6.946022419322643859e-01 5.551679199438067092e-02 1.930920609137932453e-01
5.134373750926384261e-01 7.170714025717428962e-03 4.238030182599493711e-01 5.558889262169481454e-02
4.894169147729857290e-03 2.716090086979320306e-01 2.407418614576169458e-01 4.827549606967211360e-01
8.869189378568550497e-01 6.753603806336067050e-02 2.554159017560991493e-02 2.000343390417434059e-02
9.358561108679721574e-01 5.983994512190336096e-02 9.578426218396876883e-04 3.346101388284847180e-03
