#base order is A, C, G, T
4.741686752086040624e-01 7.149998893078653162e-02 4.306373500545633282e-01 2.369398580604611254e-02
1.572898199084987181e-01 1.260345050310010019e-02 2.403710259144278549e-01 5.897357036739732106e-01
2.711159274481149684e-01 4.289144719754005991e-02 3.142421076464768093e-01 3.717505177078682665e-01
1.979123343421716752e-02 3.386992355411065636e-02 1.811490937648095254e-02 9.282239336351911785e-01
1.712792448502370316e-03 3.004832546498639127e-03 9.940041213677685006e-01 1.278253637230320405e-03
2.916038539143502029e-02 2.275235281835411016e-01 4.147879161623431732e-01 3.285281702626806632e-01
2.396672133228985521e-02 4.397843532522759634e-03 5.261387908758965448e-01 4.454966442592907527e-01
9.834896621709462439e-01 1.539879185289510372e-02 2.541630706920608332e-04 8.573829054667889615e-04
1.028971049650443531e-01 2.406221165980721236e-02 8.720448165653462702e-01 9.958668098021205249e-04
6.172202126749308645e-04 6.569525481662656929e-01 3.294870305941694499e-01 1.294320102688988235e-02
5.825119215071315054e-03 2.239387990620277796e-02 9.704649044485615939e-01 1.316096430164293831e-03
1.338021680768400057e-01 3.647798544389174169e-01 2.137287768141914734e-01 2.876892006700511040e-01
2.529361893108534320e-01 5.283060073213368540e-02 4.615046144054119753e-02 6.480827485164715185e-01
2.273650497657837832e-02 4.124752833518935402e-01 4.219343104449237852e-02 5.225947806270356821e-01
4.445758832106558311e-02 1.281464570920574086e-01 7.901476488251450991e-01 3.724830576173197849e-02
2.756512909150612978e-01 5.773544233332588149e-01 1.267929291021943627e-01 2.020135664948543783e-02
3.588178329060754540e-02 8.148968073016078506e-01 1.514113359824572789e-03 1.477072960479599850e-01
9.099750831882882363e-01 1.214717424234268775e-02 6.162346375810252158e-02 1.625427881126641563e-02
8.719935277687046460e-01 2.967283540915962789e-02 1.115484366783039798e-02 8.717879315430546172e-02
3.020296618008564415e-01 8.387236759535256214e-02 1.895562984717850674e-01 4.245416721320058873e-01
5.815999765972703489e-02 8.919426100575498229e-01 4.220704036622462824e-02 7.690351916498630244e-03
