#base order is A, C, G, T
4.109221123726522484e-01 1.859383325801796105e-01 3.783068959321719271e-01 2.483265911499629372e-02
4.367914179066350044e-01 4.018443232075167432e-02 3.852595787845640718e-01 1.377645709880492286e-01
9.683417141316835730e-02 6.571829618948994423e-01 7.991565020353892657e-02 1.660672164883932878e-01
2.801174526534681158e-02 4.515424439669979417e-02 2.713625191506848985e-02 8.996977584228849079e-01
2.309427528838042983e-03 1.804251590947248546e-02 9.762089584636256534e-01 3.439098098063968646e-03
1.792842195914209555e-02 7.837168888490357935e-03 4.047101420309446307e-01 5.695242671214229002e-01
1.423153961139530209e-02 8.459799149301205565e-03 9.023842946814247812e-01 7.492436655787862443e-02
9.365326763179312453e-01 4.199003702471362093e-02 1.082041834234923235e-02 1.065686831500585463e-02
3.836210910094609017e-02 1.204200959721935943e-01 8.317505822251627379e-01 9.467212701697633181e-03
3.981308722233341951e-03 8.680707830829494931e-01 1.151848159874118982e-01 1.276309220740507247e-02
2.605880991756616156e-03 2.208672212047767865e-03 9.865257420155842949e-01 8.659704780611354041e-03
3.634148983164024044e-02 5.563209468538639069e-01 9.709982687776547161e-02 3.102377364367304713e-01
2.033160340784753162e-01 1.328507784976403448e-02 3.297135562176268381e-02 7.504275324499979360e-01
1.144985652910793066e-02 7.506836121111697402e-01 2.745604923005286191e-02 2.104104821296694794e-01
2.559016937556047866e-01 3.252683391879396257e-01 3.275782824603651888e-01 9.125168459609044047e-02
3.756633311371381789e-01 3.845768969538437276e-01 8.244838258895784144e-02 1.573113893200602798e-01
1.050597738106263772e-02 9.106140036030140328e-01 3.323543435173212379e-02 4.564458466419130112e-02
9.355814638568937802e-01 4.953718220907581821e-02 1.173337320933665572e-02 3.147980724693657823e-03
6.523279655579798941e-01 3.702618549402350578e-02 3.821632278018852191e-02 2.724295261678080227e-01
3.227294744149523664e-01 6.807895380709994004e-02 7.891444552066410878e-02 5.302771262572836264e-01
4.101598453104469966e-02 8.864802532379677524e-01 3.991290537188087878e-02 3.259085685910675240e-02
