#base order is A, C, G, T
3.771252952121845192e-01 6.030581252815761517e-02 1.297637708959127611e-01 4.328051213637451045e-01
2.754270464822843323e-01 1.688721984359459541e-02 1.208282144135156867e-02 6.956029122327694880e-01
3.146050475122455503e-01 1.450841402500455297e-02 6.270405793352561430e-01 4.384595912749383873e-02
1.873937756517003381e-02 4.110925896930396894e-01 8.888004030290448665e-02 4.812879924388857589e-01
2.025539856556851925e-01 1.096423766977018127e-01 4.150043035117660928e-01 2.727993341348468603e-01
9.375985154342386663e-01 5.550433293151598932e-03 2.591920532415175477e-02 3.093184594845812749e-02
5.509154077971977204e-01 2.788377714671892021e-02 3.799878199938721002e-01 4.121299506221123149e-02
8.893129100120596986e-01 1.675871234838999593e-02 5.341280798847117955e-02 4.051556965107918490e-02
5.876285332811451712e-01 1.041165907162834581e-02 4.490152110534700869e-02 3.570582865418793217e-01
7.913865744186506790e-01 1.088213485916753216e-02 3.506743920115010932e-02 1.626638515210316049e-01
4.770102499801123219e-01 4.688199358983071580e-02 1.642669790226914187e-02 4.596810585277876782e-01
5.023003596613225680e-02 6.901049692747530662e-01 5.088568884552477356e-02 2.087793059135899243e-01
5.422349617702260094e-01 9.480990797615681739e-03 3.977735170284836252e-01 5.051053040367476515e-02
3.621837724168900773e-03 2.929320204038279307e-01 2.394439589949233227e-01 4.640021828770797829e-01
9.157355218292025922e-01 5.218960837603381364e-02 1.422742642293522639e-02 1.784744337182835733e-02
9.390447776527726109e-01 5.072244118272192792e-02 6.773892500310285496e-03 3.458888664195173927e-03
