#base order is A, C, G, T
7.889685017362889630e-01 2.388233928670671982e-02 3.176801678661515804e-02 1.553811421903892043e-01
6.897152694804937756e-01 6.667284024839705697e-03 4.527888191286202901e-02 2.583385645818044307e-01
6.309433921360720898e-01 6.123429140769776763e-02 2.693496223625795882e-01 3.847269409365036003e-02
1.419745731398682209e-01 5.683199784340895455e-01 8.363771538353219348e-02 2.060677330425100817e-01
1.005058749202331070e-01 5.072471460381876573e-01 2.286855050008247403e-01 1.635614740407545786e-01
7.225602730380472627e-01 8.501794342330984411e-02 8.900931488790395085e-02 1.034124686507389701e-01
5.974674695830304305e-01 6.755171948701831075e-02 2.435227005877287909e-01 9.145811034222249558e-02
6.158677195875768007e-01 6.512419014442156866e-03 3.957263538741340181e-02 3.380472260105678028e-01
1.017780302466482351e-01 1.810276228917504296e-02 1.285280404300168100e-02 8.672664034211751138e-01
3.815212920284010156e-01 7.450797086153369830e-02 1.989690353112127247e-02 5.240738335789439928e-01
1.504367259370934240e-01 1.979480383580215774e-01 5.032576113226786690e-02 6.012894745726172774e-01
1.024634474677452861e-01 8.277015955619003718e-01 6.017021079260585076e-02 9.664746177748533007e-03
3.660883199161480972e-01 9.253485317801374288e-03 5.965368319255938134e-01 2.812136284045665610e-02
3.725913367751025780e-03 1.696520338947981044e-01 5.322623060281645585e-02 7.733958221346343143e-01
9.365038875280342623e-01 2.998869672602732118e-03 3.006285028465366729e-02 3.043439251470915832e-02
9.089277092631679045e-01 3.579650998653996496e-02 1.057263486984431899e-02 4.470314588044776299e-02
