#base order is A, C, G, T
4.087565995265527441e-01 4.156666746505711940e-02 1.159025468835954975e-01 4.337741861247947361e-01
2.674483567172390996e-01 2.551988170154520508e-02 1.565511856841267022e-02 6.913766430128029938e-01
2.926968559469048659e-01 2.710074879787210955e-02 6.427173767988911823e-01 3.748501845633192553e-02
2.556184970780688709e-02 3.939268090260431010e-01 9.063051061091194349e-02 4.898808306552381309e-01
2.148797371726467176e-01 1.224203961682043262e-01 4.078747495674922563e-01 2.548251170916566721e-01
9.389359248736779406e-01 2.759193527465155817e-03 3.410380563776487656e-02 2.420107596109206949e-02
5.172524083476047752e-01 2.108327285356794908e-02 4.018461725617283875e-01 5.981814623709895418e-02
8.902239205423868595e-01 1.230881705969381033e-02 6.924923515205690105e-02 2.821802724586256958e-02
6.046144302265928916e-01 8.768892037431039524e-03 3.485687349371366373e-02 3.517598042422623861e-01
7.861839977104811972e-01 1.295881744813292928e-02 4.000634473545792991e-02 1.608508401059280668e-01
4.634338598881442839e-01 6.013790624622335212e-02 1.748643057664538147e-02 4.589418032889869825e-01
6.869545131833643126e-02 6.356309382811223818e-01 5.149658575218828138e-02 2.441770246483529749e-01
5.325302664872483271e-01 6.099923868847774260e-03 4.127888545131199183e-01 4.858095513078394823e-02
1.094701264199545582e-02 2.775986160264966029e-01 2.372804322483191009e-01 4.741739390831888334e-01
9.117364179129067159e-01 6.118814206814035539e-02 1.943271409663168553e-02 7.642725922321103559e-03
9.236802242602721869e-01 7.102833022788916650e-02 4.338742243548124843e-03 9.527032682907115354e-04
