#base order is A, C, G, T
8.126129976679552502e-01 1.466099705436347926e-02 4.045852874716445585e-02 1.322674765305167366e-01
7.181751183546508654e-01 1.391245172253821171e-03 3.689240195489227464e-02 2.435412345182030314e-01
6.298227978420930517e-01 5.256668063078968889e-02 2.760319427672554560e-01 4.157857875986185892e-02
1.318817748470910989e-01 5.679183307919073442e-01 7.607898727097166247e-02 2.241209070900299638e-01
1.093408385199144267e-01 4.765707891785839201e-01 2.422289414851152012e-01 1.718594308163863271e-01
7.081460404861227298e-01 6.924895127868919975e-02 1.026815722030687134e-01 1.199234360321192738e-01
6.418690931979721404e-01 5.987801634869430178e-02 2.279356926025266350e-01 7.031719785080704777e-02
6.318403246346719904e-01 2.488967955806128951e-02 2.833092232303820526e-02 3.149390734842285045e-01
1.186928102323819706e-01 1.326176866832273066e-02 8.579842734895331072e-03 8.594655783643998515e-01
3.856852149684866782e-01 6.494468053158083953e-02 1.161940281432332842e-02 5.377507016856091226e-01
1.385399919013810821e-01 1.588435257932781508e-01 5.707517421553783693e-02 6.455413080898029232e-01
8.920791390579503599e-02 8.262485394216491086e-01 5.901844117136990919e-02 2.552510550118590807e-02
3.884025527545165168e-01 7.741163468198174365e-03 5.894582269084430726e-01 1.439805686884220413e-02
4.532128828436526174e-02 1.573755620327644544e-01 3.058969168135988390e-02 7.667134580015103618e-01
9.232919510712066513e-01 3.138152162348100543e-02 2.803647752102837037e-02 1.729004978428408737e-02
9.241222846146237568e-01 2.142364401865462162e-02 1.961607931576571026e-02 3.483799205095598067e-02
